(2.40797,2.30142) 0
(4.05456,6.99758) 0
(6.30153,3.86436) 0
(8.76594,6.36488) 1
(6.02894,7.79582) 1
(0.841634,1.00869) 0
(3.63298,7.21061) 0
(7.17175,5.34256) 1
(8.37307,4.0014) 0
(2.57293,4.65186) 0
(2.1249,1.69796) 0
(9.98003,3.2483) 0
(9.96662,9.24466) 1
(8.34924,5.24262) 1
(8.01833,4.08687) 0
(1.59687,6.81672) 0
(5.64688,7.23269) 1
(0.31985,9.32277) 0
(7.32529,2.90505) 0
(9.59207,1.43015) 0
(7.72196,1.33447) 0
(2.53223,7.68419) 0
(0.951203,4.3398) 0
(7.16857,1.70122) 0
(5.96924,9.5726) 1
(6.90086,6.74027) 1
(7.19183,7.88023) 1
(0.6042,3.12709) 0
(7.42478,2.88673) 0
(5.29031,6.96024) 1
(5.00916,7.67248) 1
(3.14171,0.47701) 0
(0.50869,0.947613) 0
(4.28916,8.08578) 0
(3.27215,8.70349) 0
(1.76556,5.6063) 0
(1.07521,1.09405) 0
(4.25967,1.93324) 0
(2.72152,7.26485) 0
(5.95274,0.937531) 0
(2.8007,0.534715) 0
(0.824775,8.70931) 0
(3.87046,5.46563) 0
(0.527542,1.76989) 0
(1.16173,8.95341) 0
(6.78364,1.34015) 0
(9.14038,9.79417) 1
(0.941604,8.07651) 0
(0.689389,5.36258) 0
(3.0801,2.05503) 0
(7.77102,5.29487) 1
(5.61626,4.31929) 0
(6.73651,4.35857) 0
(2.43493,3.94466) 0
(3.35627,1.47553) 0
(5.22505,2.2752) 0
(9.92924,8.35692) 1
(6.44906,1.30937) 0
(4.79182,2.54753) 0
(0.898192,3.37467) 0
(0.107888,9.58926) 0
(8.11992,0.780318) 0
(1.06119,7.83947) 0
(5.13402,4.33225) 0
(9.32564,5.29206) 1
(6.89171,3.28051) 0
(5.17756,3.09276) 0
(4.13381,1.57509) 0
(1.23513,8.61705) 0
(5.76457,0.625508) 0
(0.744669,9.82917) 0
(9.34825,9.60607) 1
(7.3998,4.17503) 0
(6.67961,5.43688) 1
(8.36684,9.9171) 1
(6.58486,7.34253) 1
(9.64049,6.35609) 1
(2.61868,7.22383) 0
(0.299151,6.81994) 0
(0.020563,5.09725) 0
(3.79422,3.36128) 0
(4.28423,6.24984) 0
(7.39076,2.75869) 0
(3.80824,4.26984) 0
(8.37977,1.99631) 0
(4.9802,7.43596) 0
(5.65697,6.48496) 1
(5.95318,2.26502) 0
(5.76145,2.92144) 0
(2.44634,2.40391) 0
(2.12355,6.08107) 0
(3.62452,2.71404) 0
(7.03918,9.5412) 1
(8.47746,8.30531) 1
(1.50496,6.52484) 0
(6.86178,1.94055) 0
(4.85963,1.01213) 0
(9.82009,4.03747) 0
(1.51262,0.969559) 0
(2.47925,3.49789) 0
